20627
20628
20629
23059
23060
25934
25935
25936
25937
25938
25939
25940
103263
300619
300620
300621
313067
313068
313216
313217
313218
313219
313220
313221
313222
313223
313224
313225
313226
313227
313228
313229
313230
313231
313232
313233
313234
313235
313236
313237
313238
313239
313240
313241
313242
313243
313244
313245
313246
313247
313248
313249
313250
313251
313252
313253
313254
313255
313256
313257
313258
313259
313260
313261
313262
313263
313264
313265
313266
313267
313268
313270
313271
313272
313273
313274
313275
313276
313277
313278
313279
313280
313281
313282
313283
313284
313286
313287
313288
313291
313321
313322
313323
313330
313332
313333
313334
313335
313336
313337
313338
313339
313340
313341
313342
313343
313344
313345
313346
313446
313460
313520
400273
400274
400275
400276
400279
400286
400291
400295
400667
400697
400710
400711
400716
400721
400722
400728
400729
400730
400740
400741
400742
400743
400744
400750
400751
400752
400753
400754
400755
400756
400757
400758
400759
410342
410360
410361
410362
410367
410370
410371
410384
420329
420365
420366
420367
420381
420382
420383
420384
420385
420389
420390
420391
420392
420393
420394
420395
420396
420397
420398
420399
420400
420401
420402
420403
420404
420405
420406
420407
420408
420409
420410
420411
420412
420413
420414
420415
420416
420417
420418
420419
420420
420421
420422
420423
420424
420425
420426
420427
420432
450386
450387
450388
450389
450390
450391
450403
450404
450410
450411
450416
450419
450420
450423
450424
450425
450426
450427
460038
460066
460077
460078
460083
460084
460088
460089
460092
460095
460096
460097
470289
470292
470306
470312
470317
470318
470325
470326
470327
470328
470329
470330
480306
480446
480470
480471
480472
480492
480493
480494
480498
480499
480500
480501
480502
480503
480504
480509
480514
480515
480516
480517
480518
480519
480520
480521
480522
490209
490210
490561
490602
490633
490640
490641
490642
490643
490644
490645
490646
490647
490648
490649
490650
490651
490652
490653
490654
490655
490656
490658
490659
490660
490661
490663
490665
490666
490667
490668
490669
490670
490671
490672
490673
490674
490675
490676
490677
500009
700109
1001617
1001650
1001772
